24 5 4
0.562 0.368 0.134 0.168 0.533 0.056 0.96 0.778 0.637 0.099 0.619 0.151 0.375 0.879 0.221 0.243 0.526 0.234 0.182 0.473 0.502 0.984 0.388 0.951 0.171
0.284 0.204 0.343 0.822 0.382 0.85 0.392 0.068 0.04 0.035 0.591 0.738 0.668 0.091 0.38 0.599 0.742 0.645 0.896 0.414 0.979 0.537 0.427 0.662 0.752
0.329 0.318 0.222 0.882 0.599 0.574 0.443 0.248 0.098 0.964 0.28 0.261 0.068 0.913 0.882 0.418 0.464 0.623 0.692 0.218 0.268 0.005 0.616 0.515 0.302
0.464 0.91 0.659 0.551 0.965 0.141 0.538 0.023 0.347 0.152 0.42 0.559 0.717 0.495 0.384 0.429 0.66 0.883 0.281 0.402 0.451 0.894 0.782 0.028 0.596
0.598 0.017 0.131 0.918 0.176 0.839 0.109 0.78 0.007 0.752 0.912 0.74 0.039 0.681 0.301 0.24 0.062 0.283 0.564 0.873 0.807 0.718 0.197 0.201 0.286
0.643 0.769 0.201 0.931 0.477 0.76 0.688 0.672 0.222 0.221 0.836 0.956 0.638 0.688 0.973 0.881 0.405 0.258 0.846 0.204 0.816 0.01 0.693 0.648 0.115
0.105 0.739 0.129 0.701 0.782 0.687
0.565 0.781 0.074 0.013 0.908 0.778
0.633 0.366 0.63 0.936 0.399 0.337
0.467 0.397 0.979 0.962 0.333 0.044
